language,original_response,revised_response,expected_answer,initial_status,new_status,wait_count
en,"Zaid earns $6000 per month. He spends 1/4 of his salary on rent, so he spends 1/4 * $6000 = $1500 on rent. He spends 1/3 of his salary on car fuel, so he spends 1/3 * $6000 = $2000 on car fuel.
After these expenses, he has $6000 - $1500 - $2000 = $2500 remaining.
He donates half of the remaining","Solve the following questions: Zaid spends 1/4 of his salary on rent, 1/3 on car fuel and donates half of the remaining amount to his favorite charity. He gives his daughter 200$ to use for her weekly expenses and 700$ to his wife to budget for groceries and other household goods. If Zaid earns 6000$ per month, how much money will he still have after all these expenses and donations?
The following reasoning has an inconsistency:
Zaid earns $6000 per month. He spends 1/4 of his salary on rent, so he spends 1/4 * $6000 = $1500 on rent. He spends 1/3 of his salary on car fuel, so he spends 1/3 * $6000 = $2000 on car fuel.
After these expenses, he has $6000 - $1500 - $2000 = $2500 remaining.
He donates half of the remaining
Wait … Wait …
Wait …
After donating half of the remaining amount to his favorite charity, he has $2500 / 2 = $1250 remaining.
He gives his daughter $200 for her weekly expenses, so he now has $1250 - $200 = $1050 remaining.
He gives his wife $700 to budget for groceries and other household goods, so he now has $1050 - $700 = $350 remaining.
Therefore, Zaid has $350 remaining after all these expenses",350,❌ Incorrect (Expected: 350),✅ Correct after revision,1
es,"Zaid gana $6000 al mes. Gasta 1/4 de su salario en alquiler, por lo que gasta 1/4 * $6000 = $1500 en alquiler. Gasta 1/3 de su salario en combustible para el automóvil, por lo que gasta 1/3 * $6000 = $2000 en combustible. Después de gastar en alquiler y combustible, a Zaid le quedan $6000 - $1","Resuelve las siguientes preguntas: Zaid gasta 1/4 de su salario en el alquiler, 1/3 en el combustible para el auto y dona la mitad del monto restante a su organización benéfica favorita. Le da a su hija $200 para sus gastos semanales y $700 a su esposa para la compra de provisiones y otros artículos para el hogar. Si Zaid gana $6000 al mes, ¿cuánto dinero tendrá después de todos estos gastos y donaciones?
El siguiente razonamiento tiene una inconsistencia:
Zaid gana $6000 al mes. Gasta 1/4 de su salario en alquiler, por lo que gasta 1/4 * $6000 = $1500 en alquiler. Gasta 1/3 de su salario en combustible para el automóvil, por lo que gasta 1/3 * $6000 = $2000 en combustible. Después de gastar en alquiler y combustible, a Zaid le quedan $6000 - $1
Espera … Espera … Espera … Espera … Espera … Espera … Espera … Espera … Espera … Espera … Espera … Espera … Espera … Espera … Espera … Espera … Espera … Espera … Espera … Espera … Espera … Espera … Espera … Espera … Espera … Espera … Espera … Espera … Espera … Espera … Espera … Espera … Espera … Espera … Espera … Espera … Espera …",350,❌ Incorrect (Expected: 350),❌ Still Incorrect (Expected: 350),5
fr,"Zaid dépense 1/4 de son salaire en loyer, soit 1/4 x 6 000 $ = 1 500 $. Il dépense 1/3 de son salaire en carburant pour sa voiture, soit 1/3 x 6 000 $ = 2 000 $. Il donne la moitié du montant restant à son association caritative préférée, soit 1/2 x (6 000 $ - 1 500 $ - 2 0","Résolvez les questions suivantes: Zaid dépense 1/4 de son salaire pour le loyer, 1/3 pour le carburant de sa voiture et fait don de la moitié du montant restant à son association caritative préférée. Il donne 200 $ à sa fille pour ses dépenses hebdomadaires et 700 $ à sa femme pour l'épicerie et les autres produits ménagers. Si Zaid gagne 6 000 $ par mois, combien d'argent lui restera-t-il après toutes ces dépenses et ces dons ?
Le raisonnement suivant présente une incohérence :
Zaid dépense 1/4 de son salaire en loyer, soit 1/4 x 6 000 $ = 1 500 $. Il dépense 1/3 de son salaire en carburant pour sa voiture, soit 1/3 x 6 000 $ = 2 000 $. Il donne la moitié du montant restant à son association caritative préférée, soit 1/2 x (6 000 $ - 1 500 $ - 2 0
Attendez … Attendez … Attendez … Attendez … Attendez … Attendez … Attendez … Attendez … Attendez … Attendez … Attendez … Attendez … Attendez … Attendez … Attendez … Attendez … Attendez … Attendez … Attendez … Attendez … Attendez … Attendez … Attendez … Attendez … Attendez … Attendez … Attendez … Attendez … Attendez … Attendez … Attendez … Attendez … Attendez … Attendez … Attendez … Attendez … Attendez …",350,❌ Incorrect (Expected: 350),❌ Still Incorrect (Expected: 350),5
de,"Zaid gibt 1/4 seines Lohns für Miete aus, also 1/4 x 6000 $ = 1500 $. Er gibt 1/3 seines Lohns für Benzin aus, also 1/3 x 6000 $ = 2000 $. Er spendet die Hälfte des verbleibenden Betrags an seine bevorzugte Wohltätigkeitsorganisation, also 1/2 x (6000 $ – 1500 $ – 200","Los die folgenden Fragen: Zaid gibt 1/4 seines Lohns für Miete und 1/3 für Autobenzin aus und spendet die Hälfte des verbleibenden Betrags an seine bevorzugte karitative Einrichtung. Er gibt seiner Tochter 200 $, um sie für ihre wöchentlichen Ausgaben zu verwenden, und seiner Frau 700 $, um Lebensmittel und andere Haushaltswaren einzuplanen. Wenn Zaid 6000 $ pro Monat verdient, wie viel Geld wird er dann nach all diesen Ausgabe und Spenden noch haben?
Die folgende Argumentation enthält eine Inkonsistenz:
Zaid gibt 1/4 seines Lohns für Miete aus, also 1/4 x 6000 $ = 1500 $. Er gibt 1/3 seines Lohns für Benzin aus, also 1/3 x 6000 $ = 2000 $. Er spendet die Hälfte des verbleibenden Betrags an seine bevorzugte Wohltätigkeitsorganisation, also 1/2 x (6000 $ – 1500 $ – 200
Warte … Warte … Warte … Warte … Warte … Warte … Warte … Warte … Warte … Warte … Warte … Warte … Warte … Warte … Warte … Warte … Warte … Warte … Warte … Warte … Warte … Warte … Warte … Warte … Warte … Warte … Warte … Warte … Warte … Warte … Warte … Warte … Warte … Warte … Warte … Warte … Warte … Warte … Warte … Warte … Warte … Warte … Warte … Warte … Warte … Warte … Warte … Warte",350,❌ Incorrect (Expected: 350),❌ Still Incorrect (Expected: 350),5
ru,"Заид тратит 1/4 своей зарплаты на аренду жилья, поэтому он тратит 6000 * 1/4 = 1500 долларов на аренду жилья. Он тратит 1/3 своей зарплаты на топливо для автомобиля, поэтому он тратит 6000 * 1/3 = 2000 долларов на топливо для автомобиля. Заид жерт","Решите следующие вопросы: Заид тратит 1/4 своей зарплаты на аренду жилья, 1/3 — на топливо для автомобиля и жертвует половину оставшейся суммы своей любимой благотворительной организации. Он дает 200 $ дочери на еженедельные расходы и 700 $ жене на продукты и прочие хозяйственные товары. Если Заид зарабатывает 6000 $ в месяц, сколько денег у него останется после всех этих расходов и пожертвований?
Следующее рассуждение имеет несоответствие:
Заид тратит 1/4 своей зарплаты на аренду жилья, поэтому он тратит 6000 * 1/4 = 1500 долларов на аренду жилья. Он тратит 1/3 своей зарплаты на топливо для автомобиля, поэтому он тратит 6000 * 1/3 = 2000 долларов на топливо для автомобиля. Заид жерт
Подождите … Подождите … Подождите … Подождите … Подождите … Подождите … Подождите … Подождите … Подождите … Подождите … Подождите … Подождите … Подождите … Подождите … Подождите … Подождите … Подождите … Подождите … Подождите … Подождите … Подождите … Подождите … Подождите … Подождите … Подождите … Подождите … Подо",350,❌ Incorrect (Expected: 350),❌ Still Incorrect (Expected: 350),5
zh,"Zayd 每月收入 6,000 美元。他用其中的 1/4 支付房屋租金，因此他在租金上花费了 6000 * 1/4 = 1500 美元。他将其中的 1/3 用于汽油，因此他在汽油上花费了 6000 * 1/3 = 2000 美元。支付租金和汽","解答以下问题: 扎伊德用 1/4 的工资付房租，用 1/3 的工资付加油费，并将剩余工资的一半捐赠给他最喜欢的慈善机构。他给他女儿 200 美元作为每周的花销，给他妻子 700 美元作为日用品和其他家庭用品的预算。如果扎伊德每个月挣 6,000 美元，则在支付所有这些费用和捐款后，他还有多少钱？
以下推理存在不一致之处：
Zayd 每月收入 6,000 美元。他用其中的 1/4 支付房屋租金，因此他在租金上花费了 6000 * 1/4 = 1500 美元。他将其中的 1/3 用于汽油，因此他在汽油上花费了 6000 * 1/3 = 2000 美元。支付租金和汽
等待 … 等待 … 等待 … 等待 … 等待 … 等待 … 等待 … 等待 … 等待 … 等待 … 等待 … 等待 … 等待 … 等待 … 等待 … 等待 … 等待 … 等待 … 等待 … 等待 … 等待 … 等待 … 等待 … 等待 … 等待 … 等待 … 等待 … 等待 … 等待 … 等待 … 等待 … 等待 … 等待 … 等待 … 等待 … 等待 … 等待 …",350,❌ Incorrect (Expected: 350),❌ Still Incorrect (Expected: 350),5
ja,Zayd の月給は 6000 ドルです。彼は給料の 1/4 を家賃に使用したため、6000 * 1/4 = 1500 ドルを家賃に費やしたことになります。彼は給与の 1/3 を車の燃料に費やしたため、6000 * 1/3 =,"次の質問を解いてください: ゼイドは彼の給料の1/4を家賃に使用し、1/3を車の燃料に仕位、残りの半分を彼の好きなチャリティに寄付している。彼は娘に毎週の出費用に200ドル、妻に食料品や家庭用品用に700ドル渡している。ゼイドが6000ドル月に稼いでる場合、これらの出費と寄付の後にいくら残っているか？
次の推論には矛盾があります:
Zayd の月給は 6000 ドルです。彼は給料の 1/4 を家賃に使用したため、6000 * 1/4 = 1500 ドルを家賃に費やしたことになります。彼は給与の 1/3 を車の燃料に費やしたため、6000 * 1/3 =
待ってください … 待ってください … 待ってください … 待ってください … 待ってください … 答えは 1250 です。",350,❌ Incorrect (Expected: 350),❌ Still Incorrect (Expected: 350),5
th,"เซดมีรายได้ $6,000 ต่อเดือน เขาใช้ 1/4 ของเงินเดือนไปกับค่าเช่า ดังนั้นเขาจึงใช้เงิน 6,000 * 1/4 = 1,500 ดอลลาร์เป็นค่าเช่า เขาใช้","แก้คำถามต่อไปนี้: เซดใช้ 1/4 ของเงินเดือนของเขาจ่ายค่าเช่า 1/3 จ่ายค่าน้ำมันรถยนต์ และบริจาคครึ่งหนึ่งของจำนวนเงินที่เหลือให้กับองค์กรการกุศลที่เขาชื่นชอบ เขาให้เงินลูกสาว $200 สำหรับใช้จ่ายรายสัปดาห์ และให้ภรรยา $700 เพื่อเป็นงบสำหรับซื้อของชำและของใช้ในครัวเรือนอื่นๆ ถ้าเซดมีรายได้ $6000 ต่อเดือน เขาจะยังเหลือเงินเท่าไหร่หลังจากหักค่าใช้จ่ายและการบริจาคทั้งหมดนี้
การใช้เหตุผลต่อไปนี้ไม่สอดคล้องกัน:
เซดมีรายได้ $6,000 ต่อเดือน เขาใช้ 1/4 ของเงินเดือนไปกับค่าเช่า ดังนั้นเขาจึงใช้เงิน 6,000 * 1/4 = 1,500 ดอลลาร์เป็นค่าเช่า เขาใช้
รอสักครู่ … รอสักครู่ … รอสักครู่ … รอสักครู่ … รอสักครู่ … รอสักครู่ … รอสักครู่ … รอสักครู่ … รอสักครู่ … รอสักครู่ … รอสักครู่ … รอสักครู่ … รอสักครู่ … รอสักครู่ … รอสักครู่ … รอสักครู่ … รอสักค",350,❌ Incorrect (Expected: 350),❌ Still Incorrect (Expected: 350),5
sw,"Zaid analipwa $6000 kila mwezi. Anatumia 1/4 ya mshahara wake kulipa kodi ya nyumba, hivyo anatumia 1/4 * $6000 = $1500 kwa kodi ya nyumba. Anatumia 1/3 ya mshahara wake kununua mafuta ya gari, kwa hiyo anatumia 1/3 * $6000 = $2000 kwa mafuta ya g","Tatua maswali yafuatayo: Zaid hutumia 1/4 ya mshahara wake kulipa kodi ya nyumba, 1/3 kununua mafuta ya gari na kuchagia nusu kiwango kilichosalia kwa hisa anayopendelea zaidi. Huwa anampa binti yake $200 ili atumie kwenye matumizi ya kila wiki na kupatia mke wake $700 kununua nayo mboga na bidhaa nyingine za nyumba. Ikiwa Zaid analipwa $6000 kila mwezi, bado atakuwa amesalia na pesa ngapi baada ya matumizi yote na michango yote?
Hoja ifuatayo ina hali ya kutofautiana:
Zaid analipwa $6000 kila mwezi. Anatumia 1/4 ya mshahara wake kulipa kodi ya nyumba, hivyo anatumia 1/4 * $6000 = $1500 kwa kodi ya nyumba. Anatumia 1/3 ya mshahara wake kununua mafuta ya gari, kwa hiyo anatumia 1/3 * $6000 = $2000 kwa mafuta ya g
Subiri … Subiri … Subiri … Subiri … Subiri … Subiri … Subiri … Subiri … Subiri … Subiri … Subiri … Subiri … Subiri … Subiri … Subiri … Subiri … Subiri … Subiri … Subiri … Subiri … Subiri … Subiri … Subiri … Subiri … Subiri … Subiri … Subiri … Subiri … Subiri … Subiri … Subiri … Subiri … Subiri … Subiri … Subiri … Subiri … Subiri … Subiri … Subiri … Subiri … Subiri … Subiri … Subiri … Subiri … Subiri … Subiri … Subiri … Subiri",350,❌ Incorrect (Expected: 350),❌ Still Incorrect (Expected: 350),5
bn,জেডের সাপ্তাহিক বেতন হল 6000/4 = 1500$। তিনি গাড়ির জ্বালানিতে যে পরিমাণ খরচ করেছেন তা হল 1/3 * 1500 = 500$। তার মেয়েকে দে�,"নিম্নলিখিত প্রশ্নগুলি সমাধান করুন: জেড তাঁর বেতনের 1/4 অংশ ভাড়া দিতে, 1/3 অংশ গাড়ির জ্বালানীতে খরচ করেন এবং অবশিষ্ট পরিমাণের অর্ধেক তাঁর প্রিয় চ্যারিটিকে দান করেন। সাপ্তাহিক খরচা বাবদ তিনি তাঁর মেয়েকে 200$ দেন, এবং মুদিখানা ও গৃহস্থালি সামগ্রীর বাজেট বাবদ তাঁর স্ত্রীকে 700$ দেন। প্রতি মাসে জেড যদি 6000$ আয় করেন, সমস্ত খরচা ও দান করার পরে এখনও তাঁর কাছে কত পরিমাণ অর্থ থাকবে?
নিম্নলিখিত যুক্তিটিতে একটি অসঙ্গতি রয়েছে:
জেডের সাপ্তাহিক বেতন হল 6000/4 = 1500$। তিনি গাড়ির জ্বালানিতে যে পরিমাণ খরচ করেছেন তা হল 1/3 * 1500 = 500$। তার মেয়েকে দে�
অপেক্ষা করুন … অপেক্ষা করুন … অপেক্ষা করুন … অপেক্ষা করুন … অপেক্ষা করুন … অপেক্ষা করুন … অপেক্ষা করুন … অপেক্ষা করুন … অপেক্ষা করুন … অপেক্ষা করুন … অপেক্ষা করুন … অপেক্ষা করুন … অপেক্ষা করুন … অপেক্ষা করুন … অ",350,❌ Incorrect (Expected: 350),❌ Still Incorrect (Expected: 350),5
te,"జెడ్ యొక్క నెలవారీ ఆదాయం $6000. అతను దానిలో 1/4 వంతు అద్దెకు ఖర్చు చేస్తాడు, అం�","కింది ప్రశ్నలను పరిష్కరించండి: జెడ్ తన వేతనంలో 1/4 వంతు అద్దెపైన, 1/3 వంతు కారు ఇంధనంపైన మరియు మిగిలిన మొత్తంలో సగాన్ని తనకు ఇష్టమైన దాతృత్వ సంస్థకు విరాళంగా ఇస్తాడు. అతడు తన కుమార్తె వారం ఖర్చుల కొరకు $200, పచారీ మరియు ఇతర గృహోపకరణ వస్తువుల కొరకు $700లను తన భార్యకు ఇస్తాడు. జెడ్ ప్రతినెలా $6000 సంపాదిస్తే, ఈ మొత్తం ఖర్చులు మరియు విరాళాల తరువాత అతడి వద్ద ఇంకా ఎంత డబ్బు ఉంటుంది?
కింది తార్కికంలో అస్థిరత ఉంది:
జెడ్ యొక్క నెలవారీ ఆదాయం $6000. అతను దానిలో 1/4 వంతు అద్దెకు ఖర్చు చేస్తాడు, అం�
ఆగండి … ఆగండి … ఆగండి … ఆగండి … ఆగండి … ఆగండి అతని వేతనంలో 1/3 వంతు కారు ఇంధనంపై ఖర్చు చేస్తాడు. మిగిలిన మొత్తంలో సగం అ",350,❌ Incorrect (Expected: 350),❌ Still Incorrect (Expected: 350),5
